#FES data re-scaled respect to min value
#Fields: dist.z FES
 -5.1400 135.1240   0.0000   0.0000
 -5.1200 135.1238   0.0002   0.0001
 -5.1000 135.1234   0.0006   0.0004
 -5.0800 135.1217   0.0023   0.0017
 -5.0600 135.1171   0.0069   0.0049
 -5.0400 135.1057   0.0183   0.0130
 -5.0200 135.0802   0.0438   0.0310
 -5.0000 135.0296   0.0944   0.0667
 -4.9800 134.9410   0.1830   0.1294
 -4.9600 134.8019   0.3221   0.2278
 -4.9400 134.6082   0.5158   0.3647
 -4.9200 134.3660   0.7580   0.5360
 -4.9000 134.0877   1.0363   0.7328
 -4.8800 133.7795   1.3445   0.9507
 -4.8600 133.4306   1.6934   1.1974
 -4.8400 133.0089   2.1151   1.4956
 -4.8200 132.4777   2.6463   1.8712
 -4.8000 131.8188   3.3052   2.3371
 -4.7800 131.0554   4.0686   2.8770
 -4.7600 130.2486   4.8754   3.4474
 -4.7400 129.4692   5.6548   3.9985
 -4.7200 128.7646   6.3594   4.4968
 -4.7000 128.1399   6.9841   4.9385
 -4.6800 127.5663   7.5577   5.3441
 -4.6600 127.0100   8.1140   5.7374
 -4.6400 126.4488   8.6752   6.1343
 -4.6200 125.8763   9.2477   6.5391
 -4.6000 125.2832   9.8408   6.9585
 -4.5800 124.6570  10.4670   7.4013
 -4.5600 123.9857  11.1383   7.8759
 -4.5400 123.2720  11.8520   8.3806
 -4.5200 122.5419  12.5821   8.8969
 -4.5000 121.8351  13.2889   9.3966
 -4.4800 121.1976  13.9264   9.8475
 -4.4600 120.6664  14.4576  10.2231
 -4.4400 120.2573  14.8667  10.5123
 -4.4200 119.9458  15.1782  10.7326
 -4.4000 119.6669  15.4571  10.9298
 -4.3800 119.3446  15.7794  11.1577
 -4.3600 118.9287  16.1953  11.4518
 -4.3400 118.4317  16.6923  11.8032
 -4.3200 117.9114  17.2126  12.1711
 -4.3000 117.4326  17.6914  12.5097
 -4.2800 117.0253  18.0974  12.7968
 -4.2600 116.6638  18.4551  13.0497
 -4.2400 116.2841  18.8231  13.3099
 -4.2200 115.8303  19.2462  13.6091
 -4.2000 115.2786  19.7257  13.9482
 -4.1800 114.6425  20.2107  14.2911
 -4.1600 113.9608  20.6102  14.5736
 -4.1400 113.2654  20.8403  14.7363
 -4.1200 112.5731  20.8569  14.7481
 -4.1000 111.8875  20.6760  14.6202
 -4.0800 111.2114  20.3746  14.4070
 -4.0600 110.5576  20.0500  14.1775
 -4.0400 109.9287  19.7852  13.9902
 -4.0200 109.2874  19.6291  13.8799
 -4.0000 108.5537  19.5885  13.8512
 -3.9800 107.6293  19.6547  13.8980
 -3.9600 106.4676  19.8080  14.0064
 -3.9400 105.1285  20.0199  14.1562
 -3.9200 103.7834  20.2335  14.3072
 -3.9000 102.6277  20.3832  14.4131
 -3.8800 101.7794  20.4103  14.4322
 -3.8600 101.2220  20.2693  14.3326
 -3.8400 100.7817  19.9568  14.1116
 -3.8200 100.2244  19.4940  13.7844
 -3.8000  99.3439  18.9209  13.3791
 -3.7800  98.0611  18.2832  12.9282
 -3.7600  96.4362  17.6379  12.4719
 -3.7400  94.6527  17.0101  12.0279
 -3.7200  92.9137  16.4070  11.6015
 -3.7000  91.3688  15.8042  11.1753
 -3.6800  90.0613  15.1728  10.7288
 -3.6600  88.9266  14.5195  10.2668
 -3.6400  87.8289  13.9132   9.8381
 -3.6200  86.6051  13.4758   9.5288
 -3.6000  85.1405  13.3065   9.4091
 -3.5800  83.4131  13.4246   9.4926
 -3.5600  81.5174  13.7250   9.7050
 -3.5400  79.6223  14.0233   9.9159
 -3.5200  77.8616  14.1354   9.9952
 -3.5000  76.2706  13.9542   9.8671
 -3.4800  74.7492  13.4793   9.5313
 -3.4600  73.1582  12.8229   9.0671
 -3.4400  71.4116  12.1236   8.5727
 -3.4200  69.5547  11.4889   8.1238
 -3.4000  67.7273  10.9800   7.7641
 -3.3800  66.0794  10.6090   7.5017
 -3.3600  64.6491  10.3731   7.3349
 -3.3400  63.3554  10.2927   7.2780
 -3.3200  62.0421  10.3561   7.3229
 -3.3000  60.5604  10.4824   7.4122
 -3.2800  58.8521  10.5315   7.4469
 -3.2600  56.9823  10.3625   7.3274
 -3.2400  55.0720   9.9385   7.0276
 -3.2200  53.2675   9.3583   6.6173
 -3.2000  51.6835   8.8227   6.2386
 -3.1800  50.3702   8.4814   5.9972
 -3.1600  49.3174   8.3666   5.9161
 -3.1400  48.4556   8.3844   5.9287
 -3.1200  47.6739   8.4174   5.9520
 -3.1000  46.8475   8.4010   5.9404
 -3.0800  45.8877   8.3533   5.9067
 -3.0600  44.8285   8.2719   5.8491
 -3.0400  43.7652   8.1115   5.7357
 -3.0200  42.8021   7.7567   5.4848
 -3.0000  41.9482   7.1188   5.0337
 -2.9800  41.1396   6.2011   4.3848
 -2.9600  40.2856   5.1110   3.6140
 -2.9400  39.3581   4.0056   2.8324
 -2.9200  38.4129   2.9865   2.1117
 -2.9000  37.5353   2.0885   1.4768
 -2.8800  36.7767   1.2953   0.9159
 -2.8600  36.1253   0.5981   0.4229
 -2.8400  35.4867   0.0236   0.0167
 -2.8200  34.7641   0.3428   0.2424
 -2.8000  33.8529   0.4384   0.3100
 -2.7800  32.7218   0.2712   0.1918
 -2.7600  31.3919   0.0806   0.0570
 -2.7400  29.9272   0.4701   0.3324
 -2.7200  28.4187   0.7625   0.5392
 -2.7000  26.9688   0.8672   0.6132
 -2.6800  25.6504   0.7786   0.5506
 -2.6600  24.4724   0.5601   0.3960
 -2.6400  23.4254   0.3434   0.2428
 -2.6200  22.4611   0.2917   0.2062
 -2.6000  21.5292   0.5306   0.3752
 -2.5800  20.5750   1.0770   0.7616
 -2.5600  19.5644   1.8368   1.2988
 -2.5400  18.5121   2.6368   1.8645
 -2.5200  17.4645   3.3102   2.3407
 -2.5000  16.5060   3.7597   2.6585
 -2.4800  15.6520   3.9857   2.8183
 -2.4600  14.8248   4.0292   2.8491
 -2.4400  13.8932   3.9420   2.7874
 -2.4200  12.7906   3.7780   2.6714
 -2.4000  11.5750   3.5673   2.5225
 -2.3800  10.4059   3.3480   2.3674
 -2.3600   9.4299   3.0907   2.1855
 -2.3400   8.6876   2.7731   1.9608
 -2.3200   8.1096   2.3688   1.6750
 -2.3000   7.5850   1.8654   1.3190
 -2.2800   7.0220   1.3205   0.9337
 -2.2600   6.3792   0.8160   0.5770
 -2.2400   5.6923   0.4096   0.2896
 -2.2200   5.0037   0.0982   0.0694
 -2.2000   4.4251   0.1935   0.1369
 -2.1800   4.0372   0.5206   0.3681
 -2.1600   3.8395   0.8659   0.6123
 -2.1400   3.7550   1.1711   0.8281
 -2.1200   3.6598   1.3875   0.9811
 -2.1000   3.4165   1.5450   1.0925
 -2.0800   2.9862   1.7432   1.2327
 -2.0600   2.4005   2.0900   1.4778
 -2.0400   1.7560   2.6366   1.8644
 -2.0200   1.1724   3.3407   2.3622
 -2.0000   0.7643   4.1201   2.9134
 -1.9800   0.6118   4.8748   3.4470
 -1.9600   0.6944   5.4934   3.8844
 -1.9400   0.9062   5.8858   4.1619
 -1.9200   1.0706   6.0240   4.2596
 -1.9000   1.0629   5.9788   4.2277
 -1.8800   0.8344   5.8870   4.1627
 -1.8600   0.4683   5.8555   4.1405
 -1.8400   0.1258   5.9083   4.1778
 -1.8200   0.0000   5.9855   4.2324
 -1.8000   0.1713   5.9979   4.2412
 -1.7800   0.5764   5.9432   4.2025
 -1.7600   1.0061   5.9057   4.1760
 -1.7400   1.1975   5.9790   4.2278
 -1.7200   1.0307   6.1763   4.3673
 -1.7000   0.6176   6.4299   4.5466
 -1.6800   0.2053   6.6199   4.6810
 -1.6600   0.0353   6.6940   4.7333
 -1.6400   0.1758   6.6687   4.7155
 -1.6200   0.4867   6.5880   4.6584
 -1.6000   0.7878   6.4643   4.5710
 -1.5800   0.9901   6.2432   4.4146
 -1.5600   1.1868   5.8731   4.1529
 -1.5400   1.5306   5.3654   3.7939
 -1.5200   2.1031   4.8164   3.4057
 -1.5000   2.7816   4.3949   3.1076
 -1.4800   3.3200   4.2402   2.9983
 -1.4600   3.5039   4.4262   3.1298
 -1.4400   3.3002   4.9300   3.4861
 -1.4200   2.8835   5.6005   3.9601
 -1.4000   2.5090   6.2572   4.4245
 -1.3800   2.3816   6.7272   4.7569
 -1.3600   2.5698   6.9424   4.9090
 -1.3400   3.0571   6.9616   4.9226
 -1.3200   3.7107   6.9356   4.9042
 -1.3000   4.4178   6.9735   4.9310
 -1.2800   5.0666   7.0721   5.0008
 -1.2600   5.6063   7.1609   5.0635
 -1.2400   6.0275   7.1269   5.0395
 -1.2200   6.3358   6.9122   4.8877
 -1.2000   6.5526   6.5011   4.5970
 -1.1800   6.7016   5.9393   4.1997
 -1.1600   6.8402   5.3099   3.7546
 -1.1400   7.0433   4.6769   3.3070
 -1.1200   7.3948   4.0573   2.8689
 -1.1000   7.9483   3.4648   2.4500
 -1.0800   8.6386   2.8615   2.0234
 -1.0600   9.3445   2.2672   1.6032
 -1.0400   9.9134   1.7202   1.2164
 -1.0200  10.2475   1.3162   0.9307
 -1.0000  10.4151   1.1053   0.7816
 -0.9800  10.5859   1.0677   0.7550
 -0.9600  10.9578   1.0989   0.7770
 -0.9400  11.6418   1.0799   0.7636
 -0.9200  12.5907   0.9007   0.6369
 -0.9000  13.6512   0.5676   0.4013
 -0.8800  14.6484   0.1325   0.0937
 -0.8600  15.4914   0.3302   0.2335
 -0.8400  16.1559   0.7959   0.5628
 -0.8200  16.7229   1.2626   0.8928
 -0.8000  17.3298   1.7188   1.2154
 -0.7800  18.0820   2.1324   1.5078
 -0.7600  18.9994   2.4319   1.7196
 -0.7400  19.9662   2.5727   1.8192
 -0.7200  20.7762   2.5624   1.8119
 -0.7000  21.2586   2.4724   1.7482
 -0.6800  21.4017   2.3726   1.6777
 -0.6600  21.3680   2.3396   1.6543
 -0.6400  21.4082   2.4259   1.7154
 -0.6200  21.7030   2.6920   1.9035
 -0.6000  22.2561   3.1440   2.2231
 -0.5800  22.9201   3.7703   2.6660
 -0.5600  23.5439   4.4821   3.1693
 -0.5400  24.0938   5.1731   3.6579
 -0.5200  24.6792   5.7207   4.0452
 -0.5000  25.4321   6.0462   4.2753
 -0.4800  26.3613   6.1426   4.3435
 -0.4600  27.3261   6.0928   4.3083
 -0.4400  28.1382   6.0411   4.2717
 -0.4200  28.6897   6.0964   4.3108
 -0.4000  29.0501   6.3127   4.4637
 -0.3800  29.4050   6.6915   4.7316
 -0.3600  29.9174   7.2014   5.0922
 -0.3400  30.6311   7.8199   5.5295
 -0.3200  31.4868   8.4877   6.0017
 -0.3000  32.4069   9.1565   6.4746
 -0.2800  33.3994   9.7585   6.9003
 -0.2600  34.5637  10.2564   7.2524
 -0.2400  36.0162  10.6271   7.5145
 -0.2200  37.7164  10.8688   7.6854
 -0.2000  39.4625  11.0245   7.7955
 -0.1800  40.9625  11.1994   7.9191
 -0.1600  41.9943  11.5003   8.1319
 -0.1400  42.5618  11.9959   8.4824
 -0.1200  42.9195  12.6310   8.9315
 -0.1000  43.3944  13.2785   9.3893
 -0.0800  44.2384  13.8661   9.8048
 -0.0600  45.4720  14.4188  10.1957
 -0.0400  46.9272  15.0399  10.6348
 -0.0200  48.4147  15.7880  11.1638
  0.0000  49.8749  16.6107  11.7455
  0.0200  51.3545  17.3527  12.2702
  0.0400  52.9331  17.8789  12.6423
  0.0600  54.5739  18.1447  12.8303
  0.0800  56.1333  18.2644  12.9149
  0.1000  57.4471  18.4271  13.0299
  0.1200  58.4812  18.7976  13.2919
  0.1400  59.3524  19.4704  13.7676
  0.1600  60.2400  20.4036  14.4275
  0.1800  61.2707  21.4238  15.1489
  0.2000  62.4313  22.2795  15.7540
  0.2200  63.6606  22.7600  16.0938
  0.2400  64.9145  22.7945  16.1181
  0.2600  66.2478  22.4921  15.9043
  0.2800  67.7672  22.1014  15.6281
  0.3000  69.5341  21.8553  15.4540
  0.3200  71.5056  21.8669  15.4622
  0.3400  73.5268  22.0908  15.6206
  0.3600  75.4141  22.3881  15.8307
  0.3800  77.0598  22.5951  15.9772
  0.4000  78.4615  22.6174  15.9929
  0.4200  79.7283  22.4538  15.8772
  0.4400  80.9560  22.1622  15.6710
  0.4600  82.2159  21.8159  15.4262
  0.4800  83.5299  21.4679  15.1801
  0.5000  84.8947  21.1275  14.9394
  0.5200  86.3349  20.7762  14.6910
  0.5400  87.8830  20.4134  14.4345
  0.5600  89.5570  20.0754  14.1955
  0.5800  91.3336  19.8190  14.0142
  0.6000  93.1641  19.6585  13.9007
  0.6200  95.0073  19.5689  13.8373
  0.6400  96.8423  19.5038  13.7913
  0.6600  98.6979  19.4201  13.7321
  0.6800 100.6241  19.3325  13.6702
  0.7000 102.6529  19.2779  13.6315
  0.7200 104.7919  19.2652  13.6226
  0.7400 107.0274  19.2443  13.6077
  0.7600 109.3203  19.1070  13.5107
  0.7800 111.6066  18.7558  13.2623
  0.8000 113.8027  18.1637  12.8437
  0.8200 115.8125  17.3591  12.2747
  0.8400 117.5758  16.4305  11.6182
  0.8600 119.0918  15.4426  10.9196
  0.8800 120.4102  14.4278  10.2020
  0.9000 121.6015  13.3953   9.4719
  0.9200 122.7314  12.3432   8.7279
  0.9400 123.8417  11.2645   7.9652
  0.9600 124.9468  10.1724   7.1930
  0.9800 126.0387   9.0837   6.4232
  1.0000 127.1034   8.0206   5.6715
  1.0200 128.1208   7.0031   4.9520
  1.0400 129.0998   6.0242   4.2598
  1.0600 130.0530   5.0710   3.5857
  1.0800 130.9996   4.1244   2.9164
  1.1000 131.9317   3.1923   2.2573
  1.1200 132.8037   2.3203   1.6407
  1.1400 133.5599   1.5641   1.1060
  1.1600 134.1546   0.9694   0.6855
  1.1800 134.5752   0.5488   0.3881
  1.2000 134.8424   0.2816   0.1991
  1.2200 134.9938   0.1302   0.0920
  1.2400 135.0686   0.0554   0.0392
  1.2600 135.1028   0.0212   0.0150
  1.2800 135.1175   0.0065   0.0046
  1.3000 135.1226   0.0014   0.0010
  1.3200 135.1240   0.0000   0.0000