#Mean of hydro_01m.dat hydro_02m.dat hydro_03m.dat hydro_04m.dat hydro_05m.dat hydro_06m.dat hydro_07m.dat hydro_08m.dat hydro_09m.dat hydro_11m.dat
#Fields: dist.z  meanFes  stdDeviation  stdError
#gnuplot command: plot './mintozeroFes.dat' u 1:2:4 w e
 -4.8000  35.8317   5.5063   1.7413
 -4.7800  35.8314   5.5060   1.7411
 -4.7600  35.8307   5.5052   1.7409
 -4.7400  35.8289   5.5030   1.7402
 -4.7200  35.8243   5.4976   1.7385
 -4.7000  35.8142   5.4857   1.7347
 -4.6800  35.7941   5.4624   1.7273
 -4.6600  35.7584   5.4225   1.7147
 -4.6400  35.7015   5.3626   1.6958
 -4.6200  35.6197   5.2850   1.6713
 -4.6000  35.5133   5.1997   1.6443
 -4.5800  35.3878   5.1229   1.6200
 -4.5600  35.2540   5.0706   1.6035
 -4.5400  35.1250   5.0500   1.5969
 -4.5200  35.0127   5.0561   1.5989
 -4.5000  34.9218   5.0774   1.6056
 -4.4800  34.8464   5.1060   1.6146
 -4.4600  34.7692   5.1444   1.6268
 -4.4400  34.6694   5.2070   1.6466
 -4.4200  34.5332   5.3129   1.6801
 -4.4000  34.3650   5.4683   1.7292
 -4.3800  34.1857   5.6457   1.7853
 -4.3600  34.0227   5.7849   1.8294
 -4.3400  33.8942   5.8293   1.8434
 -4.3200  33.7988   5.7686   1.8242
 -4.3000  33.7147   5.6477   1.7860
 -4.2800  33.6118   5.5343   1.7501
 -4.2600  33.4603   5.4852   1.7346
 -4.2400  33.2447   5.5312   1.7491
 -4.2200  32.9663   5.6720   1.7936
 -4.2000  32.6420   5.8749   1.8578
 -4.1800  32.3008   6.0822   1.9234
 -4.1600  31.9731   6.2387   1.9728
 -4.1400  31.6814   6.3174   1.9977
 -4.1200  31.4346   6.3272   2.0008
 -4.1000  31.2269   6.3049   1.9938
 -4.0800  31.0458   6.2936   1.9902
 -4.0600  30.8747   6.3180   1.9979
 -4.0400  30.6966   6.3724   2.0151
 -4.0200  30.4913   6.4321   2.0340
 -4.0000  30.2390   6.4729   2.0469
 -3.9800  29.9183   6.5018   2.0561
 -3.9600  29.5198   6.5621   2.0751
 -3.9400  29.0488   6.7102   2.1220
 -3.9200  28.5327   6.9595   2.2008
 -3.9000  28.0050   7.2748   2.3005
 -3.8800  27.4949   7.6028   2.4042
 -3.8600  27.0132   7.9211   2.5049
 -3.8400  26.5619   8.2268   2.6015
 -3.8200  26.1386   8.5144   2.6925
 -3.8000  25.7564   8.7506   2.7672
 -3.7800  25.4318   8.8985   2.8140
 -3.7600  25.1708   8.9324   2.8247
 -3.7400  24.9576   8.8496   2.7985
 -3.7200  24.7539   8.6939   2.7493
 -3.7000  24.5181   8.5500   2.7038
 -3.6800  24.2214   8.4985   2.6875
 -3.6600  23.8535   8.5611   2.7072
 -3.6400  23.4187   8.6897   2.7479
 -3.6200  22.9350   8.8077   2.7852
 -3.6000  22.4345   8.8719   2.8055
 -3.5800  21.9564   8.8897   2.8112
 -3.5600  21.5279   8.8932   2.8123
 -3.5400  21.1498   8.9134   2.8187
 -3.5200  20.8002   8.9715   2.8370
 -3.5000  20.4428   9.0760   2.8701
 -3.4800  20.0588   9.2002   2.9094
 -3.4600  19.6500   9.2958   2.9396
 -3.4400  19.2295   9.3411   2.9539
 -3.4200  18.8097   9.3661   2.9618
 -3.4000  18.3888   9.4276   2.9813
 -3.3800  17.9582   9.5539   3.0212
 -3.3600  17.5192   9.7304   3.0770
 -3.3400  17.0897   9.9132   3.1348
 -3.3200  16.7021  10.0324   3.1725
 -3.3000  16.3831  10.0197   3.1685
 -3.2800  16.1332   9.8446   3.1131
 -3.2600  15.9161   9.5481   3.0194
 -3.2400  15.6766   9.2315   2.9192
 -3.2200  15.3776   8.9952   2.8445
 -3.2000  15.0140   8.8807   2.8083
 -3.1800  14.6179   8.8452   2.7971
 -3.1600  14.2114   8.8230   2.7901
 -3.1400  13.7942   8.7759   2.7752
 -3.1200  13.3464   8.7182   2.7569
 -3.1000  12.8606   8.6844   2.7462
 -3.0800  12.3556   8.7053   2.7529
 -3.0600  11.8462   8.8063   2.7848
 -3.0400  11.3233   9.0076   2.8485
 -3.0200  10.7505   9.3020   2.9415
 -3.0000  10.1090   9.6264   3.0441
 -2.9800   9.4293   9.8721   3.1218
 -2.9600   8.7821   9.9367   3.1423
 -2.9400   8.2260   9.7811   3.0931
 -2.9200   7.7737   9.4502   2.9884
 -2.9000   7.3696   9.0497   2.8618
 -2.8800   6.9513   8.6711   2.7421
 -2.8600   6.4906   8.3599   2.6436
 -2.8400   6.0191   8.1086   2.5642
 -2.8200   5.6016   7.8825   2.4927
 -2.8000   5.2970   7.6511   2.4195
 -2.7800   5.1154   7.4196   2.3463
 -2.7600   5.0208   7.2300   2.2863
 -2.7400   4.9523   7.1362   2.2567
 -2.7200   4.8506   7.1497   2.2609
 -2.7000   4.6834   7.2099   2.2800
 -2.6800   4.4378   7.2333   2.2874
 -2.6600   4.1096   7.1801   2.2706
 -2.6400   3.7005   7.0973   2.2444
 -2.6200   3.2291   7.0488   2.2290
 -2.6000   2.7366   7.0574   2.2317
 -2.5800   2.2802   7.0846   2.2403
 -2.5600   1.9080   7.0722   2.2364
 -2.5400   1.6334   6.9701   2.2041
 -2.5200   1.4258   6.7610   2.1380
 -2.5000   1.2357   6.4594   2.0426
 -2.4800   1.0300   6.1033   1.9300
 -2.4600   0.7974   5.7895   1.8308
 -2.4400   0.5556   5.6497   1.7866
 -2.4200   0.3270   5.7335   1.8131
 -2.4000   0.1414   5.9190   1.8718
 -2.3800   0.0258   6.0577   1.9156
 -2.3600   0.0000   6.1074   1.9313
 -2.3400   0.0657   6.0769   1.9217
 -2.3200   0.2113   5.9688   1.8875
 -2.3000   0.3952   5.8138   1.8385
 -2.2800   0.5829   5.6918   1.7999
 -2.2600   0.7478   5.6828   1.7971
 -2.2400   0.8756   5.8107   1.8375
 -2.2200   0.9579   6.0459   1.9119
 -2.2000   0.9935   6.3090   1.9951
 -2.1800   0.9927   6.4797   2.0490
 -2.1600   0.9804   6.4642   2.0442
 -2.1400   0.9899   6.2634   1.9807
 -2.1200   1.0241   5.9658   1.8865
 -2.1000   1.0441   5.6777   1.7954
 -2.0800   1.0003   5.4601   1.7266
 -2.0600   0.8736   5.3324   1.6863
 -2.0400   0.7214   5.3031   1.6770
 -2.0200   0.6638   5.3553   1.6935
 -2.0000   0.8176   5.4627   1.7275
 -1.9800   1.2240   5.5901   1.7677
 -1.9600   1.8358   5.7212   1.8092
 -1.9400   2.5369   5.8602   1.8532
 -1.9200   3.2127   6.0118   1.9011
 -1.9000   3.7904   6.1578   1.9473
 -1.8800   4.2308   6.2443   1.9746
 -1.8600   4.5181   6.2090   1.9635
 -1.8400   4.6389   6.0387   1.9096
 -1.8200   4.6047   5.7847   1.8293
 -1.8000   4.4657   5.5236   1.7467
 -1.7800   4.3086   5.3154   1.6809
 -1.7600   4.2289   5.1704   1.6350
 -1.7400   4.2911   5.0892   1.6093
 -1.7200   4.4934   5.0880   1.6090
 -1.7000   4.7762   5.2015   1.6449
 -1.6800   5.0651   5.4555   1.7252
 -1.6600   5.3177   5.8362   1.8456
 -1.6400   5.5484   6.2956   1.9908
 -1.6200   5.8211   6.7844   2.1454
 -1.6000   6.2141   7.2447   2.2910
 -1.5800   6.7675   7.6194   2.4095
 -1.5600   7.4647   7.8585   2.4851
 -1.5400   8.2338   7.9251   2.5061
 -1.5200   8.9877   7.8174   2.4721
 -1.5000   9.6551   7.5623   2.3914
 -1.4800  10.2195   7.2206   2.2834
 -1.4600  10.7030   6.8791   2.1754
 -1.4400  11.1431   6.6277   2.0959
 -1.4200  11.5468   6.5077   2.0579
 -1.4000  11.8898   6.4850   2.0507
 -1.3800  12.1348   6.5095   2.0585
 -1.3600  12.2753   6.5809   2.0811
 -1.3400  12.3724   6.6840   2.1137
 -1.3200  12.5157   6.7301   2.1283
 -1.3000  12.7775   6.6225   2.0942
 -1.2800  13.1718   6.3518   2.0086
 -1.2600  13.6682   6.0233   1.9047
 -1.2400  14.2270   5.7681   1.8240
 -1.2200  14.8365   5.6481   1.7861
 -1.2000  15.5007   5.6376   1.7828
 -1.1800  16.2098   5.6540   1.7880
 -1.1600  16.9286   5.6167   1.7762
 -1.1400  17.6097   5.4925   1.7369
 -1.1200  18.2229   5.3281   1.6849
 -1.1000  18.7785   5.2218   1.6513
 -1.0800  19.3146   5.2380   1.6564
 -1.0600  19.8690   5.3594   1.6948
 -1.0400  20.4425   5.5123   1.7431
 -1.0200  21.0172   5.6187   1.7768
 -1.0000  21.5677   5.6227   1.7781
 -0.9800  22.0855   5.5016   1.7398
 -0.9600  22.5912   5.2731   1.6675
 -0.9400  23.1080   4.9957   1.5798
 -0.9200  23.6466   4.7555   1.5038
 -0.9000  24.1996   4.6166   1.4599
 -0.8800  24.7520   4.5689   1.4448
 -0.8600  25.3000   4.5411   1.4360
 -0.8400  25.8583   4.4590   1.4101
 -0.8200  26.4475   4.3026   1.3606
 -0.8000  27.0780   4.1013   1.2969
 -0.7800  27.7365   3.9054   1.2350
 -0.7600  28.3870   3.7599   1.1890
 -0.7400  28.9899   3.6966   1.1690
 -0.7200  29.5114   3.7332   1.1805
 -0.7000  29.9465   3.8628   1.2215
 -0.6800  30.3200   4.0348   1.2759
 -0.6600  30.6833   4.1894   1.3248
 -0.6400  31.0914   4.2885   1.3561
 -0.6200  31.5746   4.3401   1.3725
 -0.6000  32.1208   4.3818   1.3857
 -0.5800  32.6787   4.4588   1.4100
 -0.5600  33.1768   4.5965   1.4535
 -0.5400  33.5644   4.7894   1.5145
 -0.5200  33.8230   5.0085   1.5838
 -0.5000  33.9713   5.2136   1.6487
 -0.4800  34.0576   5.3740   1.6994
 -0.4600  34.1334   5.4668   1.7288
 -0.4400  34.2392   5.4871   1.7352
 -0.4200  34.3925   5.4479   1.7228
 -0.4000  34.5864   5.3781   1.7007
 -0.3800  34.7947   5.3115   1.6796
 -0.3600  34.9924   5.2832   1.6707
 -0.3400  35.1554   5.3125   1.6800
 -0.3200  35.2705   5.4002   1.7077
 -0.3000  35.3345   5.5279   1.7481
 -0.2800  35.3517   5.6651   1.7915
 -0.2600  35.3308   5.7810   1.8281
 -0.2400  35.2802   5.8555   1.8517
 -0.2200  35.2121   5.8818   1.8600
 -0.2000  35.1412   5.8638   1.8543
 -0.1800  35.0865   5.8077   1.8366
 -0.1600  35.0683   5.7220   1.8094
 -0.1400  35.1009   5.6207   1.7774
 -0.1200  35.1853   5.5239   1.7468
 -0.1000  35.3070   5.4517   1.7240
 -0.0800  35.4431   5.4156   1.7126
 -0.0600  35.5699   5.4133   1.7118
 -0.0400  35.6718   5.4319   1.7177
 -0.0200  35.7434   5.4566   1.7255
  0.0000  35.7875   5.4779   1.7323
  0.0200  35.8117   5.4922   1.7368
  0.0400  35.8236   5.5001   1.7393
  0.0600  35.8288   5.5038   1.7405
  0.0800  35.8309   5.5055   1.7410
  0.1000  35.8317   5.5063   1.7413