#Mean of hydro01m.dat hydro02m.dat hydro03m.dat hydro04m.dat hydro05m.dat hydro06m.dat hydro07m.dat hydro08m.dat hydro09m.dat hydro10m.dat
#Fields: dist.z  meanFes  stdDeviation  stdError
#gnuplot command: plot './mintozeroFes.dat' u 1:2:4 w e
  -5.9400 100.2553   7.9135   2.5025
 -5.9200 100.2551   7.9134   2.5025
 -5.9000 100.2548   7.9133   2.5024
 -5.8800 100.2535   7.9128   2.5023
 -5.8600 100.2498   7.9113   2.5018
 -5.8400 100.2404   7.9068   2.5003
 -5.8200 100.2190   7.8965   2.4971
 -5.8000 100.1750   7.8747   2.4902
 -5.7800 100.0935   7.8334   2.4771
 -5.7600  99.9572   7.7631   2.4549
 -5.7400  99.7518   7.6561   2.4211
 -5.7200  99.4719   7.5066   2.3738
 -5.7000  99.1268   7.3119   2.3122
 -5.6800  98.7385   7.0763   2.2377
 -5.6600  98.3335   6.8163   2.1555
 -5.6400  97.9300   6.5610   2.0748
 -5.6200  97.5285   6.3400   2.0049
 -5.6000  97.1121   6.1765   1.9532
 -5.5800  96.6594   6.0866   1.9248
 -5.5600  96.1599   6.0830   1.9236
 -5.5400  95.6163   6.1704   1.9513
 -5.5200  95.0335   6.3343   2.0031
 -5.5000  94.4026   6.5436   2.0693
 -5.4800  93.7009   6.7585   2.1372
 -5.4600  92.9092   6.9443   2.1960
 -5.4400  92.0316   7.0849   2.2405
 -5.4200  91.1081   7.1884   2.2732
 -5.4000  90.1989   7.2798   2.3021
 -5.3800  89.3555   7.3883   2.3364
 -5.3600  88.5926   7.5421   2.3850
 -5.3400  87.8742   7.7725   2.4579
 -5.3200  87.1261   8.1071   2.5637
 -5.3000  86.2697   8.5363   2.6994
 -5.2800  85.2631   8.9885   2.8424
 -5.2600  84.1191   9.3616   2.9604
 -5.2400  82.8968   9.5825   3.0302
 -5.2200  81.6650   9.6383   3.0479
 -5.2000  80.4724   9.5703   3.0264
 -5.1800  79.3336   9.4300   2.9820
 -5.1600  78.2423   9.2611   2.9286
 -5.1400  77.1829   9.1022   2.8784
 -5.1200  76.1374   9.0073   2.8484
 -5.1000  75.0814   9.0413   2.8591
 -5.0800  73.9940   9.2512   2.9255
 -5.0600  72.8607   9.6421   3.0491
 -5.0400  71.6903  10.1606   3.2131
 -5.0200  70.5138  10.7021   3.3843
 -5.0000  69.3769  11.1317   3.5201
 -4.9800  68.3172  11.3396   3.5859
 -4.9600  67.3376  11.3025   3.5742
 -4.9400  66.4148  11.1097   3.5132
 -4.9200  65.5153  10.9077   3.4493
 -4.9000  64.6198  10.7990   3.4149
 -4.8800  63.7287  10.7903   3.4122
 -4.8600  62.8396  10.8165   3.4205
 -4.8400  61.9350  10.8064   3.4173
 -4.8200  60.9911  10.7135   3.3879
 -4.8000  59.9936  10.5390   3.3327
 -4.7800  58.9671  10.3385   3.2693
 -4.7600  57.9547  10.2007   3.2257
 -4.7400  56.9743  10.2029   3.2265
 -4.7200  56.0017  10.3804   3.2826
 -4.7000  54.9851  10.7085   3.3863
 -4.6800  53.8991  11.1049   3.5117
 -4.6600  52.7892  11.4528   3.6217
 -4.6400  51.7480  11.6625   3.6880
 -4.6200  50.8456  11.7039   3.7011
 -4.6000  50.0771  11.6128   3.6723
 -4.5800  49.3571  11.4655   3.6257
 -4.5600  48.5824  11.3396   3.5859
 -4.5400  47.7110  11.2702   3.5639
 -4.5200  46.7862  11.2209   3.5484
 -4.5000  45.8935  11.1366   3.5217
 -4.4800  45.1220  10.9790   3.4719
 -4.4600  44.4820  10.7599   3.4026
 -4.4400  43.9164  10.4936   3.3184
 -4.4200  43.3145  10.2068   3.2277
 -4.4000  42.5888   9.9449   3.1448
 -4.3800  41.6890   9.7280   3.0763
 -4.3600  40.6399   9.5564   3.0220
 -4.3400  39.5236   9.4357   2.9838
 -4.3200  38.4379   9.3973   2.9717
 -4.3000  37.4684   9.4659   2.9934
 -4.2800  36.6609   9.5969   3.0348
 -4.2600  36.0114   9.6861   3.0630
 -4.2400  35.4731   9.6260   3.0440
 -4.2200  34.9565   9.3766   2.9651
 -4.2000  34.3654   8.9746   2.8380
 -4.1800  33.6461   8.5254   2.6960
 -4.1600  32.8179   8.1252   2.5694
 -4.1400  31.9708   7.8540   2.4836
 -4.1200  31.1995   7.7292   2.4442
 -4.1000  30.5467   7.7183   2.4407
 -4.0800  29.9827   7.7758   2.4589
 -4.0600  29.4369   7.8621   2.4862
 -4.0400  28.8535   7.9276   2.5069
 -4.0200  28.2218   7.8891   2.4948
 -4.0000  27.5676   7.6872   2.4309
 -3.9800  26.9197   7.3435   2.3222
 -3.9600  26.2846   6.9342   2.1928
 -3.9400  25.6387   6.5247   2.0633
 -3.9200  24.9663   6.1571   1.9470
 -3.9000  24.2754   5.8995   1.8656
 -3.8800  23.6046   5.7950   1.8325
 -3.8600  23.0108   5.8226   1.8413
 -3.8400  22.5142   5.9057   1.8675
 -3.8200  22.1033   5.9236   1.8732
 -3.8000  21.7446   5.7716   1.8252
 -3.7800  21.4072   5.3951   1.7061
 -3.7600  21.0655   4.8480   1.5331
 -3.7400  20.7057   4.2374   1.3400
 -3.7200  20.3122   3.7217   1.1769
 -3.7000  19.8510   3.4541   1.0923
 -3.6800  19.2823   3.4759   1.0992
 -3.6600  18.6002   3.6431   1.1521
 -3.6400  17.8228   3.8385   1.2138
 -3.6200  16.9950   4.0374   1.2767
 -3.6000  16.1956   4.2246   1.3359
 -3.5800  15.4830   4.3195   1.3660
 -3.5600  14.8882   4.2434   1.3419
 -3.5400  14.3918   4.0006   1.2651
 -3.5200  13.9538   3.6717   1.1611
 -3.5000  13.5229   3.3541   1.0607
 -3.4800  13.0813   3.1268   0.9888
 -3.4600  12.6613   3.0410   0.9616
 -3.4400  12.3042   3.0468   0.9635
 -3.4200  12.0328   3.0306   0.9584
 -3.4000  11.8252   2.9629   0.9370
 -3.3800  11.6317   2.9454   0.9314
 -3.3600  11.4033   3.1162   0.9854
 -3.3400  11.1362   3.5029   1.1077
 -3.3200  10.8606   3.9994   1.2647
 -3.3000  10.5987   4.4411   1.4044
 -3.2800  10.3648   4.6818   1.4805
 -3.2600  10.1464   4.6525   1.4712
 -3.2400   9.9317   4.3880   1.3876
 -3.2200   9.7070   4.0253   1.2729
 -3.2000   9.4510   3.7171   1.1754
 -3.1800   9.1133   3.5599   1.1257
 -3.1600   8.6599   3.5531   1.1236
 -3.1400   8.0889   3.6062   1.1404
 -3.1200   7.4587   3.5924   1.1360
 -3.1000   6.8586   3.4596   1.0940
 -3.0800   6.3427   3.2515   1.0282
 -3.0600   5.9192   3.0486   0.9641
 -3.0400   5.5432   2.8702   0.9076
 -3.0200   5.1597   2.7125   0.8578
 -3.0000   4.7437   2.5966   0.8211
 -2.9800   4.3293   2.5283   0.7995
 -2.9600   3.9745   2.4479   0.7741
 -2.9400   3.7180   2.3453   0.7417
 -2.9200   3.5415   2.3757   0.7513
 -2.9000   3.3821   2.6131   0.8263
 -2.8800   3.1589   2.8826   0.9116
 -2.8600   2.8167   2.9952   0.9472
 -2.8400   2.3520   2.9312   0.9269
 -2.8200   1.8241   2.8127   0.8894
 -2.8000   1.3225   2.7652   0.8744
 -2.7800   0.9344   2.8064   0.8875
 -2.7600   0.7084   2.9188   0.9230
 -2.7400   0.6307   3.1026   0.9811
 -2.7200   0.6437   3.3416   1.0567
 -2.7000   0.6826   3.5469   1.1216
 -2.6800   0.7075   3.6339   1.1491
 -2.6600   0.7058   3.6029   1.1393
 -2.6400   0.6775   3.5281   1.1157
 -2.6200   0.6320   3.4742   1.0986
 -2.6000   0.5681   3.4291   1.0844
 -2.5800   0.4882   3.3698   1.0656
 -2.5600   0.3855   3.3212   1.0502
 -2.5400   0.2757   3.3960   1.0739
 -2.5200   0.1925   3.6690   1.1602
 -2.5000   0.1921   4.1195   1.3027
 -2.4800   0.3209   4.6190   1.4607
 -2.4600   0.5995   5.0418   1.5944
 -2.4400   0.9746   5.2931   1.6738
 -2.4200   1.3302   5.3350   1.6871
 -2.4000   1.5369   5.2051   1.6460
 -2.3800   1.5113   5.0042   1.5825
 -2.3600   1.2620   4.8464   1.5326
 -2.3400   0.8987   4.8078   1.5204
 -2.3200   0.5610   4.8745   1.5414
 -2.3000   0.3320   4.9855   1.5766
 -2.2800   0.2019   5.0873   1.6087
 -2.2600   0.1163   5.1326   1.6231
 -2.2400   0.0421   5.1015   1.6132
 -2.2200   0.0000   5.0053   1.5828
 -2.2000   0.0444   4.8795   1.5430
 -2.1800   0.2116   4.7459   1.5008
 -2.1600   0.4603   4.6338   1.4653
 -2.1400   0.7035   4.6060   1.4566
 -2.1200   0.8624   4.7241   1.4939
 -2.1000   0.9319   4.9762   1.5736
 -2.0800   1.0051   5.2948   1.6744
 -2.0600   1.2056   5.5518   1.7556
 -2.0400   1.6221   5.6230   1.7781
 -2.0200   2.2390   5.4554   1.7251
 -2.0000   2.9380   5.1276   1.6215
 -1.9800   3.5890   4.8106   1.5212
 -1.9600   4.1189   4.6232   1.4620
 -1.9400   4.5524   4.5748   1.4467
 -1.9200   4.9676   4.6044   1.4560
 -1.9000   5.4247   4.6684   1.4763
 -1.8800   5.9246   4.7369   1.4980
 -1.8600   6.3969   4.7641   1.5065
 -1.8400   6.7831   4.7454   1.5006
 -1.8200   7.0650   4.7530   1.5030
 -1.8000   7.2873   4.8743   1.5414
 -1.7800   7.5140   5.1091   1.6156
 -1.7600   7.8009   5.3758   1.7000
 -1.7400   8.1572   5.5855   1.7663
 -1.7200   8.5612   5.7119   1.8063
 -1.7000   8.9769   5.7806   1.8280
 -1.6800   9.3827   5.8623   1.8538
 -1.6600   9.8018   5.9741   1.8892
 -1.6400  10.2670   6.0769   1.9217
 -1.6200  10.8162   6.0913   1.9262
 -1.6000  11.4316   5.9815   1.8915
 -1.5800  12.0717   5.7849   1.8293
 -1.5600  12.6984   5.5614   1.7587
 -1.5400  13.3116   5.3656   1.6968
 -1.5200  13.9244   5.2527   1.6610
 -1.5000  14.5424   5.2931   1.6738
 -1.4800  15.1417   5.5313   1.7492
 -1.4600  15.6894   5.9164   1.8709
 -1.4400  16.1871   6.3516   2.0086
 -1.4200  16.6749   6.7342   2.1296
 -1.4000  17.2388   6.9512   2.1982
 -1.3800  17.9444   6.9415   2.1951
 -1.3600  18.8332   6.7674   2.1400
 -1.3400  19.8852   6.5746   2.0791
 -1.3200  21.0327   6.4561   2.0416
 -1.3000  22.1590   6.3672   2.0135
 -1.2800  23.1686   6.2271   1.9692
 -1.2600  23.9982   6.0084   1.9000
 -1.2400  24.6730   5.7572   1.8206
 -1.2200  25.2751   5.5579   1.7576
 -1.2000  25.9005   5.4786   1.7325
 -1.1800  26.6273   5.5211   1.7459
 -1.1600  27.5026   5.6241   1.7785
 -1.1400  28.5404   5.6971   1.8016
 -1.1200  29.6998   5.7309   1.8123
 -1.1000  30.9026   5.7826   1.8286
 -1.0800  32.0560   5.9103   1.8690
 -1.0600  33.1103   6.0893   1.9256
 -1.0400  34.0635   6.2436   1.9744
 -1.0200  34.9447   6.3261   2.0005
 -1.0000  35.8002   6.3360   2.0036
 -0.9800  36.6507   6.2711   1.9831
 -0.9600  37.5374   6.1406   1.9418
 -0.9400  38.5070   5.9570   1.8838
 -0.9200  39.6170   5.7478   1.8176
 -0.9000  40.8830   5.5379   1.7512
 -0.8800  42.2873   5.3456   1.6904
 -0.8600  43.7510   5.1810   1.6384
 -0.8400  45.1974   5.0470   1.5960
 -0.8200  46.5676   4.9543   1.5667
 -0.8000  47.8273   4.9041   1.5508
 -0.7800  48.9609   4.8894   1.5462
 -0.7600  49.9592   4.8877   1.5456
 -0.7400  50.8349   4.9005   1.5497
 -0.7200  51.6396   4.9412   1.5626
 -0.7000  52.4546   4.9885   1.5775
 -0.6800  53.3863   5.0245   1.5889
 -0.6600  54.5085   5.0301   1.5907
 -0.6400  55.8230   5.0009   1.5814
 -0.6200  57.2632   4.9454   1.5639
 -0.6000  58.7166   4.8913   1.5468
 -0.5800  60.0768   4.8930   1.5473
 -0.5600  61.2943   4.9924   1.5787
 -0.5400  62.3835   5.1848   1.6396
 -0.5200  63.4045   5.4041   1.7089
 -0.5000  64.4447   5.5842   1.7659
 -0.4800  65.5931   5.7070   1.8047
 -0.4600  66.9104   5.7646   1.8229
 -0.4400  68.4035   5.7340   1.8132
 -0.4200  70.0309   5.5976   1.7701
 -0.4000  71.7074   5.3825   1.7021
 -0.3800  73.3251   5.1796   1.6379
 -0.3600  74.8038   5.1186   1.6187
 -0.3400  76.0963   5.2707   1.6667
 -0.3200  77.2080   5.6114   1.7745
 -0.3000  78.2109   6.0355   1.9086
 -0.2800  79.2273   6.4257   2.0320
 -0.2600  80.3925   6.6807   2.1126
 -0.2400  81.7971   6.7545   2.1360
 -0.2200  83.4397   6.6549   2.1045
 -0.2000  85.2328   6.4561   2.0416
 -0.1800  87.0291   6.2678   1.9820
 -0.1600  88.6959   6.1756   1.9529
 -0.1400  90.1509   6.1978   1.9599
 -0.1200  91.3727   6.2950   1.9907
 -0.1000  92.3830   6.4192   2.0299
 -0.0800  93.2136   6.5449   2.0697
 -0.0600  93.9020   6.6702   2.1093
 -0.0400  94.4889   6.8042   2.1517
 -0.0200  95.0141   6.9480   2.1972
  0.0000  95.5310   7.0997   2.2451
  0.0200  96.0707   7.2480   2.2920
  0.0400  96.6396   7.3813   2.3342
  0.0600  97.2183   7.4829   2.3663
  0.0800  97.7712   7.5442   2.3857
  0.1000  98.2662   7.5653   2.3923
  0.1200  98.6866   7.5589   2.3903
  0.1400  99.0280   7.5418   2.3849
  0.1600  99.2956   7.5246   2.3795
  0.1800  99.4988   7.5130   2.3758
  0.2000  99.6477   7.5104   2.3750
  0.2200  99.7561   7.5174   2.3772
  0.2400  99.8355   7.5338   2.3824
  0.2600  99.9026   7.5636   2.3918
  0.2800  99.9668   7.6078   2.4058
  0.3000 100.0323   7.6655   2.4240
  0.3200 100.0954   7.7289   2.4441
  0.3400 100.1503   7.7889   2.4631
  0.3600 100.1930   7.8380   2.4786
  0.3800 100.2219   7.8725   2.4895
  0.4000 100.2393   7.8938   2.4962
  0.4200 100.2484   7.9049   2.4998
  0.4400 100.2526   7.9102   2.5014
  0.4600 100.2543   7.9123   2.5021
  0.4800 100.2553   7.9135   2.5025