#Mean of hydro_01m.dat hydro_02m.dat hydro_03m.dat hydro_04m.dat hydro_05m.dat hydro_06m.dat hydro_07m.dat hydro_08m.dat hydro_09m.dat hydro_10m.dat
#Fields: dist.z  meanFes  stdDeviation  stdError
#gnuplot command: plot './mintozeroFes.dat' u 1:2:4 w e
  0.2000  61.1810   3.0652   0.9693
  0.2200  61.2560   3.0272   0.9573
  0.2400  61.2969   3.0022   0.9494
  0.2600  61.2818   2.9686   0.9387
  0.2800  61.1939   2.9098   0.9202
  0.3000  61.0149   2.8212   0.8921
  0.3200  60.7251   2.7119   0.8576
  0.3400  60.3090   2.6112   0.8257
  0.3600  59.7666   2.5663   0.8115
  0.3800  59.1247   2.6159   0.8272
  0.4000  58.4300   2.7541   0.8709
  0.4200  57.7358   2.9176   0.9226
  0.4400  57.0818   3.0221   0.9557
  0.4600  56.4799   3.0087   0.9514
  0.4800  55.9173   2.8792   0.9105
  0.5000  55.3705   2.7075   0.8562
  0.5200  54.8223   2.5982   0.8216
  0.5400  54.2717   2.5997   0.8221
  0.5600  53.7256   2.6518   0.8386
  0.5800  53.1786   2.6734   0.8454
  0.6000  52.6043   2.6679   0.8437
  0.6200  51.9644   2.7124   0.8577
  0.6400  51.2216   2.8420   0.8987
  0.6600  50.3601   2.9935   0.9466
  0.6800  49.3795   3.1012   0.9807
  0.7000  48.2873   3.1717   1.0030
  0.7200  47.0953   3.2267   1.0204
  0.7400  45.8297   3.2451   1.0262
  0.7600  44.5367   3.1990   1.0116
  0.7800  43.2799   3.1234   0.9877
  0.8000  42.1198   3.0762   0.9728
  0.8200  41.0862   3.0459   0.9632
  0.8400  40.1643   2.9700   0.9392
  0.8600  39.3014   2.8505   0.9014
  0.8800  38.4399   2.7699   0.8759
  0.9000  37.5414   2.7743   0.8773
  0.9200  36.6063   2.8247   0.8933
  0.9400  35.6549   2.8933   0.9149
  0.9600  34.7091   2.9730   0.9401
  0.9800  33.7825   3.0074   0.9510
  1.0000  32.8775   2.9429   0.9306
  1.0200  31.9854   2.8295   0.8948
  1.0400  31.0810   2.7661   0.8747
  1.0600  30.1331   2.7862   0.8811
  1.0800  29.1296   2.8543   0.9026
  1.1000  28.1094   2.9331   0.9275
  1.1200  27.1457   2.9702   0.9393
  1.1400  26.3109   2.9051   0.9187
  1.1600  25.6266   2.7617   0.8733
  1.1800  25.0510   2.6610   0.8415
  1.2000  24.5116   2.7013   0.8542
  1.2200  23.9378   2.8577   0.9037
  1.2400  23.2725   3.0599   0.9676
  1.2600  22.4802   3.2860   1.0391
  1.2800  21.5396   3.5267   1.1152
  1.3000  20.4733   3.7347   1.1810
  1.3200  19.3684   3.8465   1.2164
  1.3400  18.3534   3.8321   1.2118
  1.3600  17.5452   3.7116   1.1737
  1.3800  16.9733   3.5566   1.1247
  1.4000  16.5570   3.4533   1.0920
  1.4200  16.1484   3.4302   1.0847
  1.4400  15.6092   3.4278   1.0840
  1.4600  14.8902   3.3979   1.0745
  1.4800  14.0329   3.3673   1.0648
  1.5000  13.1353   3.3986   1.0747
  1.5200  12.2785   3.5131   1.1109
  1.5400  11.5020   3.6720   1.1612
  1.5600  10.8095   3.8148   1.2063
  1.5800  10.1894   3.8907   1.2304
  1.6000   9.6480   3.8646   1.2221
  1.6200   9.2138   3.7159   1.1751
  1.6400   8.9026   3.4615   1.0946
  1.6600   8.6954   3.1936   1.0099
  1.6800   8.5320   3.0724   0.9716
  1.7000   8.3269   3.1723   1.0032
  1.7200   7.9977   3.3993   1.0750
  1.7400   7.5190   3.6318   1.1485
  1.7600   6.9121   3.8142   1.2061
  1.7800   6.2548   3.8933   1.2312
  1.8000   5.6215   3.8396   1.2142
  1.8200   5.0660   3.7083   1.1727
  1.8400   4.5776   3.6529   1.1552
  1.8600   4.1040   3.7612   1.1894
  1.8800   3.5810   3.9673   1.2546
  1.9000   2.9950   4.1593   1.3153
  1.9200   2.3925   4.2729   1.3512
  1.9400   1.8824   4.2870   1.3557
  1.9600   1.5540   4.2094   1.3311
  1.9800   1.4443   4.0451   1.2792
  2.0000   1.5096   3.8023   1.2024
  2.0200   1.6536   3.5033   1.1079
  2.0400   1.7671   3.2424   1.0253
  2.0600   1.7814   3.1463   0.9950
  2.0800   1.6777   3.2441   1.0259
  2.1000   1.4899   3.4350   1.0863
  2.1200   1.2678   3.5854   1.1338
  2.1400   1.0363   3.5739   1.1302
  2.1600   0.7965   3.3373   1.0553
  2.1800   0.5473   2.9646   0.9375
  2.2000   0.2985   2.6917   0.8512
  2.2200   0.0965   2.6745   0.8458
  2.2400   0.0000   2.7908   0.8825
  2.2600   0.0351   2.8879   0.9132
  2.2800   0.1747   2.9830   0.9433
  2.3000   0.3516   3.0779   0.9733
  2.3200   0.4873   3.0761   0.9728
  2.3400   0.5358   2.9118   0.9208
  2.3600   0.5210   2.6637   0.8423
  2.3800   0.4992   2.4882   0.7868
  2.4000   0.5446   2.4471   0.7738
  2.4200   0.6969   2.4814   0.7847
  2.4400   0.9441   2.5284   0.7995
  2.4600   1.2295   2.5917   0.8196
  2.4800   1.4763   2.6714   0.8448
  2.5000   1.6319   2.7127   0.8578
  2.5200   1.6723   2.6303   0.8318
  2.5400   1.6230   2.4389   0.7713
  2.5600   1.5292   2.2897   0.7241
  2.5800   1.4529   2.3326   0.7376
  2.6000   1.4429   2.5149   0.7953
  2.6200   1.5452   2.7634   0.8739
  2.6400   1.7755   3.1024   0.9811
  2.6600   2.1283   3.5376   1.1187
  2.6800   2.5763   3.9707   1.2556
  2.7000   3.0609   4.2975   1.3590
  2.7200   3.5111   4.4470   1.4063
  2.7400   3.8658   4.3904   1.3884
  2.7600   4.0957   4.1425   1.3100
  2.7800   4.2233   3.8098   1.2048
  2.8000   4.3207   3.5307   1.1165
  2.8200   4.4610   3.3896   1.0719
  2.8400   4.7211   3.3919   1.0726
  2.8600   5.1294   3.5521   1.1233
  2.8800   5.7011   3.8337   1.2123
  2.9000   6.4179   4.1282   1.3055
  2.9200   7.2322   4.3214   1.3665
  2.9400   8.0733   4.3983   1.3909
  2.9600   8.8609   4.4855   1.4184
  2.9800   9.5248   4.7258   1.4944
  3.0000  10.0425   5.1448   1.6269
  3.0200  10.4494   5.6346   1.7818
  3.0400  10.8402   6.0686   1.9191
  3.0600  11.3034   6.3746   2.0158
  3.0800  11.9066   6.5532   2.0723
  3.1000  12.6582   6.6325   2.0974
  3.1200  13.5154   6.6537   2.1041
  3.1400  14.4082   6.6546   2.1044
  3.1600  15.2688   6.6784   2.1119
  3.1800  16.0482   6.7474   2.1337
  3.2000  16.7158   6.8230   2.1576
  3.2200  17.2561   6.8144   2.1549
  3.2400  17.6751   6.6580   2.1055
  3.2600  18.0113   6.3817   2.0181
  3.2800  18.3298   6.1075   1.9314
  3.3000  18.7167   5.9506   1.8817
  3.3200  19.2583   5.9639   1.8860
  3.3400  19.9997   6.1204   1.9355
  3.3600  20.9405   6.3226   1.9994
  3.3800  22.0068   6.4515   2.0401
  3.4000  23.0818   6.4464   2.0385
  3.4200  24.0607   6.3467   2.0070
  3.4400  24.8955   6.2563   1.9784
  3.4600  25.6020   6.2884   1.9886
  3.4800  26.2435   6.5237   2.0630
  3.5000  26.8984   6.9576   2.2002
  3.5200  27.6250   7.4602   2.3591
  3.5400  28.4408   7.8485   2.4819
  3.5600  29.3259   8.0063   2.5318
  3.5800  30.2366   7.9747   2.5218
  3.6000  31.1272   7.9015   2.4987
  3.6200  31.9843   7.9155   2.5031
  3.6400  32.8170   8.0338   2.5405
  3.6600  33.6516   8.1861   2.5887
  3.6800  34.5072   8.2998   2.6246
  3.7000  35.3905   8.3437   2.6385
  3.7200  36.3093   8.2964   2.6235
  3.7400  37.2725   8.1458   2.5759
  3.7600  38.2845   7.9081   2.5008
  3.7800  39.3355   7.6375   2.4152
  3.8000  40.3959   7.3941   2.3382
  3.8200  41.4206   7.2204   2.2833
  3.8400  42.3763   7.1080   2.2478
  3.8600  43.2414   7.0252   2.2216
  3.8800  44.0112   6.9481   2.1972
  3.9000  44.7052   6.8710   2.1728
  3.9200  45.3617   6.8119   2.1541
  3.9400  46.0286   6.7808   2.1443
  3.9600  46.7434   6.7488   2.1341
  3.9800  47.5197   6.6613   2.1065
  4.0000  48.3478   6.4754   2.0477
  4.0200  49.2001   6.1924   1.9582
  4.0400  50.0557   5.8448   1.8483
  4.0600  50.8934   5.4854   1.7346
  4.0800  51.7023   5.1823   1.6388
  4.1000  52.4739   5.0010   1.5815
  4.1200  53.2014   4.9489   1.5650
  4.1400  53.8827   4.9556   1.5671
  4.1600  54.5268   4.9299   1.5590
  4.1800  55.1495   4.8102   1.5211
  4.2000  55.7769   4.5763   1.4472
  4.2200  56.4273   4.2132   1.3323
  4.2400  57.1027   3.7226   1.1772
  4.2600  57.7720   3.1693   1.0022
  4.2800  58.3760   2.6855   0.8492
  4.3000  58.8605   2.3919   0.7564
  4.3200  59.2004   2.2894   0.7240
  4.3400  59.4197   2.2807   0.7212
  4.3600  59.5738   2.2913   0.7246
  4.3800  59.7296   2.3068   0.7295
  4.4000  59.9377   2.3343   0.7382